1  02677,14590,14500,02600,16400,
2  00677,12590,16590,18477,18451,10613,10600,18300,
3  01990,18490,12651,16451,18439,18413,16500,12500,10613,
4  07100,17190,10013,19013,
5  08490,10690,10651,16551,18438,18413,16500,12500,10613,
6  08390,10638,10613,12500,16500,18413,18438,16451,12651,
7  00690,18490,18477,10600,
8  02545,10632,10613,12500,16500,18413,18432,16545,12545,10658,10677,12590,16590,18477,18458,16545,
9  07038,12538,10651,10677,12590,16590,18477,18451,13200,
0  02500,10625,10664,12590,16590,18464,18425,16500,12500,
A  00100,14590,18900,07626,11426,
B  00645,16545,18432,18413,16500,10600,10690,16590,18477,18458,16545,
C  08413,16500,12500,10613,10677,12590,16590,18477,
D  00600,10690,16590,18477,18413,16500,10600,
E  08400,10600,10690,18490,00645,16545,
F  00600,10690,18490,00645,16545,
G  08477,16590,12590,10677,10613,12500,16500,18413,18438,14538,
H  00600,10690,00645,18445,08400,18490/
I  03200,15800,04500,14590,03290,15890,
J  01326,11313,13200,15800,17713,17790,05290,18490,
K  00690,10600,00638,17190,03964,18400,
L  01390,11300,17700,
M  00600,10690,14526,18490,18400,
N  00600,10690,18400,18490,
O  02500,10613,10677,12590,16590,18477,18413,16500,12500,
P  00600,10690,16590,18477,18458,16545,10645,
Q  02500,10613,10677,12590,16590,18477,18413,16500,12500,05826,18400,
R  00600,10690,16590,18477,18458,16545,10645,06545,19000,
S  00613,12500,16500,18413,18432,16545,12545,10658,10677,12590,16590,18477,
T  00690,18490,04590,14500,
U  00690,10613,12500,16500,18413,18490,
V  00690,14500,18490,
W  00090,11300,14577,17700,19090,
X  00690,18400,00600,18490,
Y  00690,14545,18490,04545,14500,
Z  00690,18490,10600,18400/
.  03826,13813,15113,15126,13826,
,  03800,15119,15132,13832,13819,15119,
'  04590,13965,15290,14590,
(  06490,15177,14558,14532,15113,16400,
)  02690,13977,14558,14532,13913,12600,
*  02632,16458,04564,14526,06432,12658,
/  00600,18490,
+  04577,14513,01345,17745,
-  01345,17745,
=  01332,17732,07758,11358 ,
\  02025,13015,16015,17025,17035,16045,13045,12055,12065,13075,16075,17065,04510,14580,
&  07849,17639,17230,16823,16118,15113,14010,12911,12015,11322,11131,11440,12245,13148,14349,15353,15861,15869,15476,14680,13779,13073,12965,13257,13750,15034,17114,17611,18310,
:  04025,14035,15035,15025,14025,04055,14065,15065,15055,14055,
[  06490,14590,14500,16400,
]  02690,14590,14500,12600,
a  02049,12655,13558,14759,16058,16754,17048,17013,17409,18009,07024,16418,15612,14509,12912,12118,12025,12232,12636,13639,17040,
b  02043,12751,13557,14559,15557,16351,16845,17034,16824,16317,15511,14509,13511,12717,12023,02009,12081,
c  07442,16752,15657,14358,13053,12345,12034,12222,13013,14009,15209,16412,17423,
d  07043,16351,15557,14559,13557,12751,12245,12034,12224,12717,13511,14509,15511,16317,17023,07081,17009,
e  02036,17136,16946,16155,14960,13960,12855,12144,12036,12224,12616,13610,14509,15510,16516,17123,
f  06581,15281,14980,14779,14677,14574,14509,02555,16555,
g  07058,16463,15467,14568,13566,12760,12251,12043,12233,12726,13520,14518,15519,16423,17028,07068,17013,16505,15500,13500,12504,12010,
h  02081,12009,02042,12753,13658,14559,15458,16353,17044,17009,
i  04581,14571,04556,14509,
j  04590,14580,04565,14507,14404,14302,14101,13800,12500,
k  02081,12009,02029,17059,04141,17009,
l  04581,14509,
m  01559,11509,01544,11852,12558,13059,13658,14252,14544,14509,04544,14852,15558,16059,16658,17252,17544,17509,
n  02059,12009,02042,12753,13658,14559,15458,16353,17044,17009,
o  01834,12045,12552,13457,14559,15657,16552,17045,17234,17024,16516,15611,14509,13411,12516,12024,11834,
p  02052,12760,13566,14568,15566,16360,16854,17043,16833,16326,15520,14518,13520,12726,12032,02000,12068,
q  07052,16360,15566,14568,13566,12760,12254,12043,12233,12726,13520,14518,15520,16326,17032,07068,17000,
r  03059,13009,03042,13550,14055,15059,16059,
s  07052,15758,14559,13358,12555,12152,12046,12241,12538,13834,15234,16532,16927,17022,16816,16513,15710,14509,13310,12017,
t  03060,16060,04581,14516,14613,14711,14910,15209,16009,
u  02059,12024,12715,13610,14509,15410,16315,17026,07059,17009,
v  01859,14509,17259,
w  01359,12909,14559,16109,17759,
x  02059,17009,07059,12009,
y  01869,14518,07269,13805,13502,12900,11800,
z  02059,17059,12009,17009,
